0.3,0.7,908
0.3,0.6,916
0.3,0.5,920
0.3,0.4,923
0.3,0.3,926
0.3,0.7,908
0.3,0.7,908

0.3,0.7,16
0.3,0.6,24
0.3,0.5,28
0.3,0.4,31
0.3,0.3,34
0.3,0.2,33
0.3,0.1,30
0.4,0.6,18
0.4,0.5,23
0.4,0.4,29
0.4,0.3,31
0.4,0.2,32
0.4,0.1,33
0.5,0.5,16
0.5,0.4,21
0.5,0.3,26
0.5,0.2,27
0.5,0.1,28
0.6,0.4,13
0.6,0.3,18
0.6,0.2,23
0.6,0.1,25
0.3,0.7,840
0.3,0.6,866
0.3,0.5,883
0.3,0.4,887
0.3,0.3,896
0.3,0.2,897
0.3,0.1,902
0.4,0.6,863
0.4,0.5,880
0.4,0.4,889
0.4,0.3,897
0.4,0.2,900
0.4,0.1,903
0.5,0.5,870
0.5,0.4,883
0.5,0.3,889
0.5,0.2,891
0.5,0.1,896
0.6,0.4,873
0.6,0.3,877
0.6,0.2,879
0.6,0.1,882



0.3 0.7 371
0.3 0.7 364
0.3 0.6 376
0.3 0.5 431
0.3 0.4 552
0.3 0.3 700
0.3 0.2 837
0.3 0.1 887
0.3 0.0 901
0.4 0.6 381
0.4 0.5 449
0.4 0.4 582
0.4 0.3 721
0.4 0.2 835
0.4 0.1 888
0.4 0.0 906
0.5 0.5 473
0.5 0.4 610
0.5 0.3 731
0.5 0.2 815
0.5 0.1 868
0.5 0.0 894
0.6 0.4 632
0.6 0.3 730
0.6 0.2 803
0.6 0.1 856


0.3 0.7 0
0.3 0.6 0
0.3 0.5 0
0.3 0.4 4
0.3 0.3 8
0.3 0.2 20
0.3 0.1 28
0.3 0.0 33
0.4 0.6 0
0.4 0.5 0
0.4 0.4 2
0.4 0.3 6
0.4 0.2 14
0.4 0.1 29
0.4 0.0 33
0.5 0.5 0
0.5 0.4 0
0.5 0.3 4
0.5 0.2 11
0.5 0.1 24
0.5 0.0 30
0.6 0.4 0
0.6 0.3 2
0.6 0.2 9
0.6 0.1 15
0.6 0.0 27
1 939
2 923
3 912
4 907
5 902
